32541
17665
3784
28718
59240
40178
60086
42252
44770
22514
3067
15757
31649
10842
43765
33405
44954
56657
5003
50227
19358
36529
10392
58882
5129
58554
58584
27444
58982
51476
6796
21311
30705
28964
41003
20259
57857
63258
36374
692
43121
48128
34561
49213
36922
59162
50552
17866
18145
3884
54388
42932
46919
58892
8620
38336
64357
23387
42632
15913
15679
22501
37540
5527
63921
62716
32874
64390
63101
61802
19648
29031
44981
28092
9448
44744
61496
31453
60746
12199
62255
21793
26544
14964
41462
56089
52038
47982
58791
46666
64475
21615
41090
1771
47513
39338
1390
38772
58149
7196
9123
7491
62616
15436
17491
53656
26449
34935
19864
51388
15155
64775
47969
16315
1342
51185
6043
21398
3273
9370
35463
28205
2351
28999
47699
46870
22311
22124
22427
49344
23224
5514
20504
376
2014
38700
13098
62435
48046
63464
12798
51178
8627
27083
47198
44021
32792
43996
41126
64244
37047
60281
52904
7768
55359
3230
44813
4116
65222
28083
60660
39
328
47868
13009
22378
39304
11171
8079
52879
5123
4356
45745
32952
4657
24142
23319
13607
46304
17677
59691
50967
7817
8545
55297
52954
39720
18455
30349
63270
27156
20614
19372
48689
49386
50584
51936
34705
13653
50077
54518
41482
4169
36118
9584
18490
55420
5708
23506
15391
36368
38976
50406
49236
65035
30120
62551
46809
21687
53839
2098
12364
45366
10682
22370
63281
62452
50532
9022
59300
58660
56401
8518
63066
63250
48592
28771
37673
60776
56438
60424
39993
56004
59002
33982
25498
43153
2709
47963
36943
54066
10054
43051
11525
17684
41681
27883
56909
45772
27496
46842
38734
28972
59684
11384
21018
2192
18384
13464
31018
62958
30611
1913
18904
26773
55491
21899
64413
47134
23172
7262
12705
7522
58815
34916